26.163579 0 
24.867974 0 
23.667412 3 
22.552718 0 
21.515808 15 
20.549537 2 
19.647569 0 
18.804271 20 
18.014616 17 
17.274111 2 
16.578727 16 
15.924841 21 
15.309191 18 
14.728831 29 
14.181096 43 
13.663568 53 
13.174052 43 
12.710549 46 
12.271237 39 
11.854451 83 
11.458669 78 
11.082493 67 
10.724644 82 
10.383943 93 
10.059307 107 
9.749737 109 
9.454309 162 
9.172171 117 
8.902535 191 
8.644669 178 
8.397895 198 
8.161583 204 
7.935149 239 
7.718045 229 
7.509766 261 
7.309837 304 
7.117816 295 
6.933291 289 
6.755874 307 
6.585204 356 
6.420942 324 
6.262771 298 
6.110391 311 
5.963522 249 
5.821902 291 
5.685283 234 
5.553430 265 
5.426124 307 
5.303159 195 
5.184337 263 
5.069475 221 
4.958399 192 
4.850942 177 
4.746950 179 
4.646275 115 
4.548776 143 
4.454321 110 
4.362785 132 
4.274048 70 
4.187997 85 
4.104524 88 
4.023528 76 
3.944910 60 
3.868579 75 
3.794446 58 
3.722429 41 
3.652446 53 
3.584422 27 
