 0 3.05566 0.076676
 1 2.72867 0.0843437
 2 3.41347 0.0920369
 3 2.88079 0.0997542
 4 3.01267 0.107502
 5 2.8793 0.115283
 6 3.88225 0.123089
 7 2.90264 0.130932
 8 2.80376 0.138816
 9 3.62445 0.14672
 10 3.78965 0.154648
 11 3.75421 0.162613
 12 2.95033 0.170612
 13 3.37137 0.178647
 14 3.96867 0.186718
 15 3.04944 0.194823
 16 3.41033 0.202971
 17 3.62987 0.211183
 18 3.22457 0.219432
 19 3.57224 0.227745
 20 3.67138 0.236092
 21 3.05887 0.244468
 22 3.24326 0.252884
 23 4.04176 0.261352
 24 3.59845 0.26986
 25 3.47769 0.278428
 26 3.96883 0.287067
 27 3.79777 0.295948
 28 3.82566 0.30491
 29 3.71777 0.313876
 30 4.35827 0.322919
 31 4.26709 0.332056
 32 4.12691 0.341243
 33 4.38028 0.350499
 34 4.2959 0.359811
 35 4.40464 0.369179
 36 3.68109 0.378603
 37 4.17208 0.388108
 38 4.60084 0.397759
 39 4.58418 0.407471
 40 4.72971 0.417313
 41 5.3352 0.427307
 42 4.30303 0.437451
 43 5.59407 0.447691
 44 5.1134 0.45807
 45 5.62147 0.468652
 46 5.14541 0.479494
 47 5.60747 0.490672
 48 6.40583 0.502038
 49 5.87506 0.514164
 50 7.15555 0.526446
 51 7.04307 0.539073
 52 7.63602 0.551901
 53 7.6865 0.565523
 54 8.48236 0.579722
 55 9.47021 0.594076
 56 10.3006 0.609016
 57 12.5011 0.624775
 58 19.37 0.642084
 58 0.0168747 0.663052
 59 11.4299 0.663079
 0 2.03276 0.0500349
 1 2.63405 0.0550383
 2 1.91393 0.0600418
 3 1.75293 0.0650453
 4 1.22689 0.0700488
 4 0.607478 0.0734351
 5 1.71716 0.0750523
 6 2.30768 0.0800558
 7 2.25719 0.0850593
 8 2.80434 0.0900627
 9 1.75236 0.0950662
 10 1.95989 0.10007
 11 2.41358 0.105073
 12 1.78144 0.110077
 13 1.77151 0.11508
 13 0.153389 0.119619
 14 2.08645 0.120084
 15 2.00121 0.125087
 16 1.59551 0.130091
 17 2.45321 0.135094
 18 2.39536 0.140098
 19 1.08715 0.145101
 19 0.670239 0.148197
 20 0.37609 0.150105
 20 1.27643 0.151356
 21 1.64331 0.155108
 22 1.6714 0.160112
 23 1.76299 0.165115
 24 2.13782 0.170119
 25 2.27876 0.175122
 25 0.307728 0.179412
 26 1.75435 0.180125
 27 2.26226 0.185129
 28 1.94484 0.190132
 29 1.68502 0.195136
 30 1.62743 0.200139
 31 2.28182 0.205143
 32 2.26352 0.210146
 33 1.87428 0.21515
 34 1.77165 0.220153
 35 2.07349 0.225157
 36 1.67188 0.23016
 37 2.36138 0.235164
 38 2.03312 0.240167
 39 1.98634 0.245171
 40 2.42956 0.250174
 41 1.86892 0.255178
 42 2.46095 0.260181
 43 2.74372 0.265185
 44 1.76069 0.270188
 44 0.0867033 0.27497
 45 2.34564 0.275192
 46 3.27031 0.280195
 47 1.65121 0.285199
 48 1.62782 0.290202
 49 2.30675 0.295206
 50 1.97518 0.300209
 51 1.92962 0.305213
 52 1.74 0.310216
 53 1.66184 0.31522
 54 2.14716 0.320223
 55 1.92264 0.325227
 56 1.42136 0.33023
 56 0.365932 0.334368
 57 1.64904 0.335234
 58 2.0741 0.340237
 59 2.19266 0.345241
 60 1.74577 0.350244
 61 2.36514 0.355247
 62 1.66221 0.360251
 63 2.26213 0.365254
 64 2.67387 0.370258
 65 1.62844 0.375261
 65 0.568673 0.379364
 66 1.79222 0.380265
 67 1.72286 0.385268
 68 1.9929 0.390272
 69 1.84418 0.395275
 70 4.58929 0.400279
 71 1.62072 0.405282
 72 1.63572 0.410286
 73 1.83685 0.415289
 74 1.76418 0.420293
 75 1.76641 0.425296
 76 2.58832 0.4303
 77 3.63976 0.435303
 78 1.9427 0.440307
 79 2.03881 0.44531
 80 1.7492 0.450314
 81 1.61549 0.455317
 82 1.7853 0.460321
 83 1.46265 0.465324
 84 2.19843 0.470328
 85 1.55162 0.475331
 86 0.823783 0.480335
 86 0.86785 0.482743
 87 2.11673 0.485338
 88 2.79042 0.490342
 89 2.37614 0.495345
 90 1.68371 0.500349
 91 1.89233 0.505352
 92 1.80967 0.510356
 93 1.79937 0.515359
 94 2.71579 0.520363
 95 1.71617 0.525366
 96 1.92167 0.530369
 97 1.68992 0.535373
 98 1.97502 0.540376
 99 0.183147 0.54538
 99 1.77431 0.54595
 99 0.0435896 0.54595
 99 0.0398627 0.546093
 99 0.0445214 0.546228
 99 0.0382406 0.546363
 99 0.082292 0.546497
 99 0.0298124 0.546629
 99 0.0609532 0.546761
 99 0.0507165 0.546912
 99 0.0592115 0.547065
 99 0.483675 0.547234
 99 0.0774336 0.547394
 99 0.102818 0.54749
 99 0.419791 0.547573
 86 0.350733 0.482743
 86 0.372071 0.483725
 86 0.162063 0.484697
 86 0.155959 0.485175
 86 0.0934188 0.485675
 87 0.128263 0.48594
 87 0.185922 0.486224
 87 0.127047 0.486504
 87 0.099404 0.486781
 87 0.0808421 0.487054
 87 0.088516 0.487324
 87 0.195239 0.487591
 87 0.0585439 0.487854
 87 0.113577 0.488091
 87 0.1178 0.488321
 87 0.106397 0.488543
 87 0.102033 0.488754
 87 0.0712014 0.488956
 87 0.098169 0.489146
 87 0.118536 0.489327
 87 0.126455 0.489503
 87 0.138072 0.489658
 87 0.0784442 0.489791
 87 0.419261 0.489892
 87 0.088005 0.489892
 87 0.0277306 0.491459
 87 0 0.488091
 88 0 0.493483
 89 0 0.499838
 90 0 0.506193
 91 0.088005 0.512548
 91 0.306541 0.517191
 86 0 0.485675
 87 0 0.48591
 88 0 0.492222
 89 0 0.498535
 90 0 0.504847
 91 0 0.51116
 92 0 0.517472
 93 0 0.523785
 94 0 0.530098
 95 0 0.53641
 96 0 0.542723
 97 0 0.549035
 98 0 0.555348
 99 0 0.56166
 99 0.120697 0.563102
 99 0 0.563123
 99 0 0.563123
 99 0 0.563123
 98 0 0.565269
 97 0 0.574592
 96 0.088005 0.583915
 96 0.422994 0.590165
 99 0.129004 0.563102
 99 0.0642669 0.563387
 99 0.198845 0.56362
 99 0.0358776 0.563877
 99 0.0969236 0.563972
 99 0.0631754 0.564204
 99 0.134578 0.564401
 99 0.100129 0.564623
 99 0.130236 0.564818
 99 0.0886363 0.564988
 99 0.1027 0.565143
 99 0.162506 0.565282
 99 0.537995 0.565403
 99 0 0.563972
 86 0 0.485175
 87 0 0.485892
 88 0.088005 0.493282
 88 0.267151 0.49494
 65 0.278222 0.379364
 66 1.06878 0.380286
 66 0.772019 0.383389
 67 0.218695 0.385496
 67 0.0641034 0.386206
 67 0.138296 0.386379
 67 0.283567 0.386872
 67 0.0502664 0.387783
 67 2.09957 0.387964
 67 1.26571 0.390585
 67 0.589112 0.392381
 67 0.00542929 0.393042
 68 0.0381201 0.393057
 68 0.022697 0.393127
 68 0.00273295 0.393197
 67 0.0153855 0.393198
 67 0.00131193 0.393262
 68 0.0281116 0.393267
 68 0.0154966 0.393329
 68 0.0167084 0.393391
 68 0.0100941 0.393452
 68 0.0229318 0.393514
 68 0.0208668 0.393575
 68 0.0249964 0.393635
 68 0.0299213 0.393695
 68 0.0250129 0.393754
 68 0.0697851 0.393812
 68 0.0283548 0.393869
 68 0.0697715 0.393923
 68 0.0165978 0.393976
 68 0.0178544 0.394025
 68 0.0208154 0.394073
 68 0.0149608 0.394119
 68 0.0291384 0.394163
 68 0.028923 0.394207
 68 0.0189253 0.394247
 68 0.0260815 0.394285
 68 0.0192145 0.39432
 68 0.0274711 0.394352
 68 0.0410409 0.394381
 68 0.066381 0.394407
 68 0.0912437 0.394426
 67 0 0.393042
 68 0 0.393061
 69 0.088005 0.406158
 69 0.0488514 0.407816
 69 0.0474627 0.407932
 69 0.0423148 0.408022
 69 0.0719958 0.408125
 69 0.0448239 0.408223
 69 0.0475173 0.408311
 69 0.0288123 0.408387
 69 0.0266529 0.408454
 69 0.128859 0.408516
 69 0.0320884 0.408574
 69 0.0330307 0.408618
 69 0.0309494 0.408658
 69 0.0496901 0.408693
 69 0.182361 0.408723
 67 0 0.392381
 67 0 0.392802
 68 0 0.393199
 68 0 0.396082
 69 0 0.399042
 70 0 0.405052
 71 0 0.411062
 72 0 0.417072
 73 0 0.423081
 74 0 0.429091
 75 0 0.435101
 76 0 0.441111
 77 0 0.44712
 78 0 0.45313
 79 0 0.45914
 80 0 0.465149
 81 0 0.471159
 82 0 0.477169
 83 0 0.483179
 84 0 0.489188
 85 0 0.495198
 86 0 0.501208
 87 0.088005 0.507218
 87 0.360039 0.508743
 68 0.104427 0.396082
 67 0.0280882 0.392802
 67 0.0205412 0.392861
 67 0.0289407 0.392909
 67 0.0194029 0.392962
 67 0.0515645 0.393012
 67 0.0694614 0.39306
 67 0.225375 0.3931
 67 0 0.390585
 66 0 0.396349
 65 0 0.402537
 64 0.088005 0.408724
 64 0.331199 0.411135
 67 0 0.387964
 68 0.088005 0.391049
 68 0.0999674 0.395703
 68 0.0749462 0.395805
 68 0.0540262 0.395886
 68 0.0913645 0.395954
 68 0.300813 0.396012
 67 0 0.387783
 68 0 0.391212
 69 0 0.39722
 70 0 0.403229
 71 0 0.409237
 72 0 0.415245
 73 0 0.421254
 74 0 0.427262
 74 0.088005 0.430956
 74 0.421517 0.441108
 74 0.464909 0.430956
 67 0 0.386872
 68 0 0.390837
 69 0 0.396244
 70 0 0.40165
 71 0 0.407057
 71 0 0.407647
 72 0 0.412272
 73 0 0.417463
 74 0 0.422655
 75 0 0.427846
 76 0 0.433038
 76 0 0.434956
 77 0 0.438165
 78 0 0.443255
 78 0 0.443566
 78 0.088005 0.447667
 78 0.135873 0.449337
 78 0.104594 0.447667
 78 0.0765236 0.447866
 78 0.0468803 0.448025
 78 0.114617 0.448174
 78 0.0212947 0.448317
 78 0.514347 0.448397
 78 0 0.448397
 79 0.088005 0.453044
 79 0.140353 0.463061
 78 0.0178401 0.443566
 78 0.0271037 0.443641
 78 0.0555277 0.443707
 78 0.0256508 0.443771
 78 0.0168539 0.443835
 78 0.019631 0.443903
 78 0.0282422 0.443972
 78 0.0167959 0.444043
 78 0.0299377 0.44412
 78 0.0433624 0.444192
 78 0.0256978 0.444268
 78 0.0488004 0.444342
 78 0.0280902 0.444414
 78 0.0488095 0.444479
 78 0.0383289 0.444541
 78 0.0250479 0.444595
 78 0.0238287 0.444642
 78 0.0296698 0.444685
 78 0.0496536 0.444725
 78 0.0486431 0.44476
 78 0.167563 0.444788
 76 0.0815621 0.434956
 71 0.202934 0.407647
 67 0 0.386379
 68 0 0.390787
 69 0 0.396135
 70 0 0.401483
 71 0 0.40683
 72 0 0.412178
 73 0 0.417526
 74 0 0.422873
 75 0 0.428221
 76 0 0.433569
 77 0 0.438916
 78 0 0.444264
 79 0 0.449612
 80 0 0.454959
 81 0 0.460307
 82 0 0.465655
 83 0 0.471002
 84 0 0.47635
 85 0 0.481698
 86 0 0.487045
 87 0 0.492393
 88 0 0.497741
 89 0 0.503088
 90 0 0.508436
 90 0 0.508753
 91 0 0.515662
 92 0 0.523006
 93 0 0.530351
 94 0 0.537695
 95 0 0.54504
 95 0 0.550326
 95 0 0.564693
 95 0 0.566228
 95 0.088005 0.568833
 95 0.0696435 0.569389
 95 0.0615184 0.568833
 95 0.0699219 0.566228
 95 0.0331071 0.564693
 95 0.117609 0.564768
 95 0.118316 0.564822
 95 0.088005 0.564822
 95 0.045231 0.565768
 95 0 0.564768
 94 0.088005 0.568689
 94 0.0492933 0.570008
 95 0.116386 0.550326
 95 0.0705666 0.550488
 95 0.0949862 0.550621
 95 0.104946 0.550739
 95 0.507584 0.550842
 90 0.0909544 0.508753
 90 0.09467 0.50902
 90 0.0494261 0.509284
 90 0.0742153 0.50943
 90 0.0758237 0.509683
 90 0.0914707 0.509932
 90 0.107918 0.51015
 90 0.0705422 0.510375
 90 0.0896388 0.510594
 90 0.106385 0.510807
 90 0.129769 0.511014
 90 0.107013 0.511213
 90 0.185145 0.511414
 90 0.105904 0.51159
 90 0.0622135 0.511736
 90 0.114405 0.511866
 90 0.0753836 0.511985
 90 0.120773 0.512083
 90 0.393601 0.512165
 90 0 0.51015
 90 0 0.513048
 91 0.088005 0.515682
 91 0.163344 0.518058
 90 0.103329 0.513048
 90 0.088005 0.50943
 90 0.208271 0.516716
 67 0 0.386206
 68 0 0.390552
 69 0 0.395615
 70 0 0.400679
 71 0 0.405743
 72 0 0.410807
 73 0 0.415871
 74 0 0.420935
 75 0 0.425999
 76 0 0.431062
 77 0 0.436126
 78 0 0.44119
 79 0 0.446254
 80 0 0.451318
 81 0 0.456382
 82 0 0.461445
 83 0 0.466509
 84 0 0.471573
 84 0 0.473651
 85 0 0.480379
 86 0 0.491788
 87 0 0.503198
 87 0.088005 0.511238
 87 0.00830654 0.536579
 87 0.00874895 0.536603
 87 0.00392189 0.536621
 87 0.00862887 0.536638
 87 0.00686815 0.536654
 87 0.00271194 0.53667
 87 0.00525574 0.536686
 87 0.00532832 0.536702
 87 0.00897226 0.536718
 87 0.00624184 0.536733
 87 0.00677834 0.536749
 87 0.0111956 0.536764
 87 0.00863943 0.536779
 87 0.00894142 0.536794
 87 0.00854507 0.536809
 87 0.00555164 0.536824
 87 0.00414214 0.536838
 87 0.00291343 0.536852
 87 0.0111623 0.536865
 87 0.00987204 0.536879
 87 0.0183413 0.536893
 87 0.0167352 0.536906
 87 0.0800426 0.536917
 87 0.468318 0.511238
 84 0.151196 0.473651
 84 0.124614 0.474
 84 0.178382 0.474268
 84 0.155468 0.474559
 84 0.163367 0.474809
 84 0.157466 0.475038
 84 0.162364 0.475227
 84 0.103198 0.475378
 84 0.185499 0.475493
 84 0.0345504 0.475586
 84 0 0.475586
 83 0.088005 0.479241
 83 0.00636517 0.479383
 83 0.0143064 0.479409
 83 0.0082435 0.47943
 83 0.00382752 0.479452
 83 0.107359 0.479474
 83 0.0183384 0.479495
 83 0.0152309 0.479508
 83 0.0782833 0.479518
 66 0 0.383389
 67 0 0.385495
 67 0.088005 0.387205
 67 0.160193 0.391398
 67 0.400828 0.387205
 56 0.0638479 0.334368
 56 0.0416757 0.334539
 56 0.038771 0.334664
 56 0.444636 0.334783
 56 0.0532235 0.334902
 56 0.0635153 0.334967
 56 0.320752 0.335023
 56 0 0.334539
 57 0 0.335336
 58 0 0.340388
 59 0 0.34544
 60 0 0.350492
 61 0 0.355544
 62 0 0.360596
 63 0 0.365647
 64 0 0.370699
 65 0 0.375751
 66 0 0.380803
 67 0 0.385855
 68 0 0.390907
 69 0 0.395959
 70 0 0.401011
 71 0 0.406063
 72 0 0.411115
 73 0 0.416166
 74 0 0.421218
 75 0.088005 0.42627
 75 0.466166 0.427771
 44 0.0735837 0.27497
 45 0.137837 0.275223
 45 0.17507 0.275566
 45 0.124031 0.275905
 45 0.0906259 0.276242
 45 0.0926244 0.276575
 45 0.117713 0.276906
 45 0.131041 0.277234
 45 0.243168 0.277557
 45 0.108775 0.277876
 45 0.144067 0.278185
 45 0.102301 0.278498
 45 0.151363 0.278816
 45 0.0806234 0.279151
 45 0.132968 0.279432
 45 0.0984757 0.279733
 45 0.0976198 0.279998
 45 0.114813 0.280254
 45 0.111851 0.280501
 45 0.106068 0.280739
 45 0.249269 0.280972
 45 0.510677 0.281199
 45 0.412258 0.281376
 25 0.0685933 0.179412
 25 0.0667987 0.179614
 25 0.0882873 0.179814
 25 0.0581243 0.180013
 25 0.103016 0.180209
 25 0.0905407 0.180404
 25 0.0830668 0.180596
 25 0.0624747 0.180784
 25 0.0123116 0.180968
 26 0.0355681 0.180993
 26 0.0375516 0.181131
 26 0.0718387 0.181267
 26 0.0486377 0.181402
 26 0.0808782 0.181536
 26 0.0543806 0.181669
 26 0.0517475 0.181799
 26 0.108431 0.181926
 26 0.0407164 0.182051
 26 0.0488678 0.182172
 26 0.0566406 0.182291
 26 0.23511 0.18241
 26 0.0700773 0.182538
 26 0.0555247 0.182644
 26 0.112759 0.182741
 26 0.280511 0.182829
 26 0.149039 0.182895
 20 0.132083 0.151356
 20 0.187237 0.151811
 20 0.110252 0.152265
 20 0.174997 0.152561
 20 0.183922 0.152983
 20 0.183903 0.153398
 20 0.153921 0.153806
 20 0.130614 0.154204
 20 0.247408 0.154593
 20 0.174522 0.154994
 20 0.0183214 0.155371
 20 0.179495 0.155439
 20 0.135011 0.155807
 20 0.116012 0.156116
 20 0.138915 0.156407
 20 0.131171 0.156681
 20 0.147289 0.156932
 20 0.178545 0.157159
 20 0.131003 0.157356
 20 0.117391 0.157514
 20 0.605029 0.157642
 20 0.088005 0.155439
 20 0.0800741 0.157569
 20 0 0.152561
 21 0 0.15848
 22 0 0.168204
 23 0 0.177929
 24 0 0.187653
 25 0 0.197377
 26 0 0.207102
 27 0 0.216826
 28 0 0.22655
 29 0 0.236275
 29 0 0.243541
 30 0 0.248399
 30 0.088005 0.267511
 30 0.0241555 0.267911
 30 0.0274791 0.267932
 30 0.117288 0.267949
 30 0.00790388 0.267511
 30 0.00445808 0.267524
 30 0.00403748 0.267536
 30 0.00261667 0.267548
 30 0.0101746 0.26756
 30 0.0109699 0.267572
 30 0.00873162 0.267584
 30 0.0101704 0.267596
 30 0.00342344 0.267608
 30 0.00364274 0.267619
 30 0.00862948 0.267631
 30 0.00314532 0.267642
 30 0.00458291 0.267653
 30 0.00465793 0.267664
 30 0.0094057 0.267675
 30 0.00546861 0.267686
 30 0.00488098 0.267696
 30 0.00529976 0.267706
 30 0.00865105 0.267715
 30 0.0127584 0.267724
 30 0.00817413 0.267733
 30 0.00292391 0.26774
 30 0.0156259 0.267747
 30 0.0430854 0.267753
 29 0.406784 0.243541
 19 0.645208 0.148197
 19 0.208332 0.149518
 20 0.204365 0.150108
 20 0.381227 0.150782
 20 0.430158 0.151357
 20 0.510749 0.151809
 20 0.460907 0.152121
 20 0.403768 0.152286
 20 0 0.150782
 21 0 0.155529
 22 0 0.160915
 22 0.156488 0.162427
 22 0.0953091 0.162606
 22 0.456833 0.162736
 22 0 0.162844
 22 0.088005 0.162844
 22 0.422994 0.167549
 22 0 0.162844
 22 0.088005 0.165366
 22 0.237328 0.17221
 22 0.0216636 0.165366
 22 0.062483 0.165388
 22 0.101519 0.165406
 22 0.172859 0.162427
 22 0.0880152 0.162995
 22 0.179002 0.163286
 22 0.21334 0.163848
 22 0.154252 0.164406
 22 0.191599 0.164959
 22 0.219278 0.16551
 22 0.174129 0.166053
 22 0.250584 0.166591
 22 0.147718 0.167123
 22 0.392081 0.167646
 22 0.235634 0.168164
 22 0.228986 0.168663
 22 0.20002 0.16915
 22 0.163464 0.169621
 22 0.130837 0.170077
 22 0.168851 0.170475
 22 0.138876 0.170894
 22 0.220778 0.171293
 22 0.133696 0.171673
 22 0.343079 0.171959
 22 0.167534 0.172234
 22 0.22483 0.17243
 22 0.165302 0.172586
 22 0.255712 0.17269
 22 0.189273 0.172759
 22 0 0.171959
 23 0.088005 0.174386
 23 0.181541 0.175378
 22 0.088005 0.170475
 22 0.0226621 0.17057
 22 0.088005 0.163286
 22 0.0603833 0.163352
 19 0.0982451 0.149518
 19 0.145531 0.149725
 19 0.0932582 0.14993
 20 0.0606819 0.150117
 20 0.0919795 0.150289
 20 0.0528971 0.15046
 20 0.0668887 0.150629
 20 0.0557656 0.150796
 20 0.0490755 0.150961
 20 0.0808961 0.151125
 20 0.0233331 0.151286
 20 0.0727833 0.15136
 20 0.000293782 0.151479
 19 0.0124438 0.151484
 19 0.0205677 0.151543
 19 0.0243982 0.151602
 19 0.0188556 0.151661
 19 0.0164591 0.151719
 19 0.0193274 0.151777
 19 0.0176973 0.151834
 19 0.0177068 0.151891
 19 0.0110377 0.151947
 19 0.0286735 0.152002
 19 0.0254368 0.152058
 19 0.00676801 0.152112
 19 0.023285 0.152165
 19 0.0190908 0.152218
 19 0.0238868 0.152273
 19 0.224586 0.152322
 19 0 0.152322
 20 0 0.153335
 20 0.088005 0.161377
 20 0.0962203 0.165161
 20 0.0529039 0.161377
 20 0 0.15136
 19 0 0.15149
 18 0 0.159345
 17 0.088005 0.167199
 17 0.491756 0.171126
 13 0.0284294 0.119619
 13 0.0496351 0.11974
 13 0.0612048 0.119861
 13 0.0325427 0.119981
 13 0.0454757 0.120058
 13 0.0391604 0.120167
 13 0.0331349 0.120273
 13 0.046488 0.120378
 13 0.00190462 0.120481
 14 0.0124228 0.120485
 14 0.027603 0.120551
 14 0.0196609 0.120616
 14 0.024839 0.120682
 14 0.0267815 0.120747
 14 0.0224614 0.120811
 14 0.0204047 0.120874
 14 0.0184788 0.120937
 14 0.0168977 0.120999
 14 0.0166833 0.121061
 14 0.0224033 0.121122
 14 0.0316808 0.121182
 14 0.000545722 0.121242
 13 0.0128328 0.12125
 13 0.0261916 0.121292
 13 0.00759537 0.121333
 13 0.0066575 0.121374
 13 0.00364406 0.121415
 14 0 0.121433
 13 0.00503732 0.121433
 13 0.00363003 0.121469
 14 0.010108 0.121485
 14 0.00601518 0.121521
 13 0 0.121546
 14 0.0149754 0.121546
 14 0.0199898 0.12158
 14 0.0145748 0.121615
 14 0.0558401 0.121649
 14 0.00591057 0.121683
 14 0.0110315 0.121715
 14 0.0657123 0.121747
 14 0.0159621 0.121779
 14 0.0191953 0.121808
 14 0.00588393 0.121837
 14 0.0059953 0.121864
 14 0.0153411 0.121891
 14 0.0115079 0.121918
 14 0.0424364 0.121943
 14 0.0248443 0.121968
 14 0.0215199 0.121988
 14 0.00839335 0.122006
 14 0.0457069 0.122021
 14 0.0718266 0.122035
 13 0 0.120058
 14 0 0.120513
 14 0 0.126564
 15 0.088005 0.128488
 15 0.081685 0.136369
 14 0.0545175 0.126564
 4 0.179383 0.0734351
 4 0.109525 0.0738501
 4 0.115111 0.0741857
 4 0.315672 0.0745189
 4 0.116664 0.0748494
 4 0.0828731 0.0751697
 4 0.137217 0.075349
 4 0.101934 0.075651
 4 0.122126 0.0759461
 4 0.0867155 0.0762355
 5 0.113056 0.0764508
 5 0.0576044 0.0766208
 5 0.0436475 0.0767882
 5 0.100866 0.0769542
 5 0.0476368 0.077119
 5 0.0427777 0.0772807
 5 0.0551744 0.0774401
 5 0.0633412 0.0775979
 5 0.0799647 0.0777536
 5 0.0399937 0.0779067
 5 0.0549754 0.0780562
 5 0.0780357 0.0782037
 5 0.112007 0.0783482
 5 0.0487268 0.0784879
 5 0.0485462 0.0786198
 5 0.073074 0.0787477
 5 0.0666871 0.0788714
 5 0.0733411 0.0789881
 5 0.0826494 0.0791054
 5 0.0223982 0.0792123
 5 0.36465 0.0792751
 5 0.088005 0.0792751
 5 0.10345 0.0796059
 4 0.088005 0.075349
 4 0.00829303 0.0763552
 4 0.00808626 0.0763738
 4 0.00547358 0.0763889
 4 0.0077052 0.0764039
 4 0.00897552 0.076417
 4 0.00543023 0.0764302
 4 0.00936937 0.0764437
 4 0.0137682 0.0764573
 4 0.0222843 0.0764703
 4 0.0190632 0.0764827
 4 0.0123275 0.0764928
 4 0.0635296 0.076501
